#Interval Lost/Total controller/switch client/controller
0.00 1.00 11.876823 0 0
1.00 2.00 11.886823 0 0
2.00 3.00 12.041823 0 0
3.00 4.00 11.886823 0 0
4.00 5.00 12.001823 0 0
5.00 6.00 12.011823 0 0
6.00 7.00 11.961823 0 0
7.00 8.00 11.826823 0 0
8.00 9.00 11.971823 0 0
9.00 10.00 11.871823 0 0
10.00 11.00 11.757823 0 0
11.00 12.00 11.886823 0 0
12.00 13.00 11.921823 0 0
13.00 14.00 12.196823 0 0
14.00 15.00 11.966823 0 0
15.00 16.00 11.896823 0 0
16.00 17.00 11.916823 0 0
17.00 18.00 11.926823 0 0
18.00 19.00 11.871823 0 0
19.00 20.00 11.941823 0 0
20.00 21.00 11.991823 0 0
21.00 22.00 11.846823 0 0
22.00 23.00 12.011823 0 0
23.00 24.00 11.891823 0 0
24.00 25.00 12.041823 0 0
25.00 26.00 11.981823 0 0
26.00 27.00 11.916823 0 0
27.00 28.00 12.006823 0 0
28.00 29.00 12.016823 0 0
29.00 30.00 11.846823 0 0
30.00 31.00 11.876823 0 0
31.00 32.00 11.991823 0 0
32.00 33.00 11.991823 0 0
33.00 34.00 11.946823 0 0
34.00 35.00 11.797823 0 0
35.00 36.00 11.881823 0 0
36.00 37.00 11.790323 0 0
37.00 38.00 11.791823 0 0
38.00 39.00 12.066823 0 0
39.00 40.00 12.201823 0 0
40.00 41.00 11.886823 0 0
41.00 42.00 11.871823 0 0
42.00 43.00 11.886823 0 0
43.00 44.00 11.976823 0 0
44.00 45.00 11.770823 0 0
45.00 46.00 11.821823 0 0
46.00 47.00 12.066823 0 0
47.00 48.00 12.011823 0 0
48.00 49.00 11.931823 0 0
49.00 50.00 12.046823 0 0
50.00 51.00 11.891823 0 0
51.00 52.00 11.961823 0 0
52.00 53.00 12.016823 0 0
53.00 54.00 11.776823 0 0
54.00 55.00 11.911823 0 0
55.00 56.00 12.046823 0 0
56.00 57.00 11.996823 0 0
57.00 58.00 11.966823 0 0
58.00 59.00 11.906823 0 0
59.00 60.00 11.941823 0 0
60.00 61.00 11.831823 0 0
61.00 62.00 12.041823 0 0
62.00 63.00 11.996823 0 0
63.00 64.00 11.976823 0 0
64.00 65.00 11.856823 0 0
65.00 66.00 11.896823 0 0
66.00 67.00 12.036823 0 0
67.00 68.00 11.831823 0 0
68.00 69.00 11.836823 0 0
69.00 70.00 11.789323 0 0
70.00 71.00 11.760323 0 0
71.00 72.00 11.724823 0 0
72.00 73.00 11.664323 0 0
73.00 74.00 11.744823 0 0
74.00 75.01 11.766323 0 0
75.01 76.00 11.846823 0 0
76.00 77.00 11.821823 0 0
77.00 78.00 11.836823 0 0
78.00 79.00 11.802823 0 0
79.00 80.00 11.851823 0 0
80.00 81.00 12.130766 0 0
81.00 82.00 11.862727 0 0
82.00 83.00 11.756430 0 0
83.00 84.00 11.595751 0 0
84.00 85.00 11.625568 0 0
85.00 86.00 11.327149 0 0
86.00 87.00 11.385803 0 0
87.00 88.00 11.297712 0 0
88.00 89.00 11.301403 0 0
89.00 90.00 11.112975 0 0
90.00 91.00 11.219406 0 0
91.00 92.00 10.896699 0 0
92.00 93.00 10.935038 0 0
93.00 94.00 10.806924 0 0
94.00 95.00 10.613562 0 0
95.00 96.00 10.563197 0 0
96.00 97.00 10.409776 0 0
97.00 98.00 10.389844 0 0
98.00 99.00 10.277412 0 0
99.00 100.00 10.197364 0 0
100.00 101.00 10.202862 0 0
101.00 102.00 10.048132 0 0
102.00 103.00 9.958620 0 0
103.00 104.00 9.897962 0 0
104.00 105.00 9.722305 0 0
105.00 106.00 9.624806 0 0
106.00 107.00 9.642478 0 0
107.00 108.00 9.590058 0 0
108.00 109.00 9.590633 0 0
109.00 110.00 9.350183 0 0
110.00 111.00 9.368995 0 0
111.00 112.00 9.221711 0 0
112.00 113.00 9.178383 0 0
113.00 114.00 8.934334 0 0
114.00 115.00 8.874807 0 0
115.00 116.00 8.839995 0 0
116.00 117.00 8.753229 0 0
117.00 118.00 8.721969 0 0
118.00 119.00 8.546553 0 0
119.00 120.00 8.394337 0 0
120.00 121.00 8.453588 0 0
121.00 122.00 8.277949 0 0
122.00 123.00 8.156726 0 0
123.00 124.00 8.081096 0 0
124.00 125.00 8.024161 0 0
125.00 126.00 7.964428 0 0
126.00 127.00 7.856624 0 0
127.00 128.00 7.720177 0 0
128.00 129.00 7.610847 0 0
129.00 130.00 7.576234 0 0
130.00 131.00 7.527481 0 0
131.00 132.00 7.452983 0 0
132.00 133.00 7.348484 0 0
133.00 134.00 7.238852 0 0
134.00 135.00 7.165210 0 0
135.00 136.00 7.100974 0 0
136.00 137.00 6.943861 0 0
137.00 138.00 6.951516 0 0
138.00 139.00 6.823204 0 0
139.00 140.00 6.731360 0 0
140.00 141.00 6.658268 0 0
141.00 142.00 6.583773 0 0
142.00 143.00 6.492470 0 0
143.00 144.00 6.379391 0 0
144.00 145.01 6.294660 0 0
145.01 146.00 6.201164 0 0
146.00 147.00 6.138677 0 0
147.00 148.00 6.049963 0 0
148.00 149.00 5.981914 0 0
149.00 150.00 5.893601 0 0
150.00 151.00 5.797621 0 0
151.00 152.00 5.702498 0 0
152.00 153.00 5.599231 0 0
153.00 154.00 5.539345 0 0
154.00 155.00 5.423529 0 0
155.00 156.00 5.370775 0 0
156.00 157.00 5.263548 0 0
157.00 158.00 5.178740 0 0
158.00 159.00 5.083691 0 0
159.00 160.00 5.006736 0 0
160.00 161.00 4.942937 0 0
161.00 162.00 5.001130 0 0
162.00 163.00 5.022356 0 0
163.00 164.00 4.944818 0 0
164.00 165.00 4.992833 0 0
165.00 166.00 4.962943 0 0
166.00 167.00 5.038475 0 0
167.00 168.00 5.059161 0 0
168.00 169.00 5.084560 0 0
169.00 170.00 5.066246 0 0
170.00 171.00 4.990607 0 0
171.00 172.00 4.942103 0 0
172.00 173.00 5.022428 0 0
173.00 174.00 5.079975 0 0
174.00 175.00 5.006463 0 0
175.00 176.00 4.966335 0 0
176.00 177.00 4.926843 0 0
177.00 178.00 4.957746 0 0
178.00 179.00 5.067481 0 0
179.00 180.00 4.932785 0 0
180.00 180.50 4.933810 0 0
